57 1.2
58 1.2
61 1.2
62 1.2
62 1.2
65 1.2
66 1.2
67 1.2
68 1.2
70 1.2
87 1.2
100 1.2
104 1.2
107 2.1
107 2.1
107 2.1
111 2.1
116 2.1
130 2.1
149 2.1
173 2.1
174 2.1
175 2.2
175 2.2
175 2.2
175 5.1
175 5.1
177 5.1
255 5.1
284 8.6
314 8.6
18 1.9
19 1.9
20 1.9
22 1.9
23 1.9
24 1.9
25 1.9
81 1.9
81 1.9
87 1.9
100 1.9
105 1.9
107 1.9
112 1.9
112 1.9
146 8.1
187 8.1
197 8.1
197 8.1
227 8.1
232 19.4
280 19.4
316 19.4
555 41.0
555 38.8
104 6.8
161 6.8
193 6.8
201 6.8
205 6.8
206 11.0
224 11.0
240 11.0
254 11.0
256 26.1
345 26.1
365 26.1
382 41.9
430 41.9
753 172.5
171 19.8
186 19.8
303 19.8
320 19.8
338 37.0
407 37.0
556 84.5
775 174.3

57 0.7
58 0.7
61 0.7
62 0.7
62 0.7
65 0.7
66 0.7
68 0.7
70 0.7
87 0.7
100 0.7
104 0.7
107 2.0
107 2.0
107 2.0
111 2.0
116 2.0
130 2.0
149 2.0
173 2.0
174 2.1
175 2/1
175 2.1
175 2.1
175 2.1
175 5.0
175 5.0
177 5.0
175 5.0
255 5.0
284 8.6
314 8.6
18 0.8
19 0.8
20 0.8
22 0.8
23 0.8
24 0.8
25 0.8
81 0.8
81 0.8 
87 0.8
100 0.8
105 0.8
107 0.8
107 0.8
112 0.8
112 2.7
146 2.7
187 2.7
197 2.7
197 2.7
227 6.4
280 6.4
555 38.6
555 38.7