19 1.7
58 1.7
87 1.7
105 1.7
107 1.7
130 1.7
174 1.7
186 1.7
201 4.4
232 4.4
284 4.4
555 21.9
24 1.6
65 1.6
68 1.6
100 1.6
107 1.6
149 1.6
175 1.6
177 1.6
205 5.3
254 5.3
314 5.3
338 11.2
430 11.2
20 1.5
62 1.5
81 1.5
104 1.5
111 1.5
116 1.5
173 1.5
175 1.5
197 4.9
227 4.9
303 4.9
555 22.4
775 53.7
18 46.1
57 46.1
67 46.1
753 46.1
23 1.8
61 1.8
81 1.8
104 1.8
112 1.8
171 1.8
175 1.8
193 1.8
206 5.3
255 5.3
316 5.3
345 10.2
407 10.2
25 3.5
62 3.5
87 3.5
107 3.5
112 3.5
161 3.5
175 3.5
187 3.5
224 5.5
256 5.5
320 5.5
365 7.9
382 7.9
22 1.5
66 1.5
70 1.5
100 1.5
107 1.5
146 1.5
175 1.5
175 1.5
197 4.3
240 4.3
280 4.3
556 21.4
25 2.1
67 2.1
87 2.1
107 2.1
130 2.1
175 2.1
186 2.1
206 2.1
232 5.1
303 5.1
555 22.0
19 2.0
62 2.0
81 2.0
107 2.0
149 2.0
175 2.0
177 2.0
205 2.0
254 6.1
280 6.1
338 6.1
430 11.4
22 1.9
61 1.9
70 1.9
104 1.9
161 1.9
175 1.9
175 1.9
197 1.9
227 5.4
314 5.4
555 21.9
57 0.8
68 0.8
87 0.8
107 0.8
775 52.1
24 1.6
62 1.6
104 1.6
107 1.6
171 1.6
753 46.1
23 2.4
65 2.4
100 2.4
112 2.4
112 2.4
173 2.4
175 2.4
224 2.4
240 6.4
316 6.4
345 6.4
407 10.4
20 1.9
66 1.9
100 1.9
111 1.9
116 1.9
174 1.9
193 1.9
197 1.9
256 7.3
320 7.3
365 7.3
382 8.2
18 2.0
58 2.0
81 2.0
105 2.0
146 2.0
175 2.0
187 2.0
201 2.0
255 4.5
284 4.5
556 21.3
20 1.6
24 1.6
67 1.6
100 1.6
107 1.6
161 1.6
175 1.6
177 1.6
201 4.4
240 4.4
284 4.4
555 21.9
61 1.7
70 1.7
100 1.7
107 1.7
146 1.7
174 1.7
186 1.7
205 5.3
232 5.3
314 5.3
338 11.2
430 11.2
58 1.6
81 1.6
104 1.6
112 1.6
130 1.6
175 1.6
175 1.6
197 5.0
227 5.0
303 5.0
555 22.0
23 52.3
65 52.3
775 52.3
22 0.8
62 0.8
87 0.8
107 0.8
753 46.2
19 1.9
25 1.9
66 1.9
87 1.9
107 1.9
171 1.9
175 1.9
193 1.9
206 5.4
255 5.4
316 5.4
345 10.2
407 10.2
57 1.8
68 1.8
104 1.8
111 1.8
149 1.8
175 1.8
187 1.8
224 5.7
256 5.7
320 5.7
365 8.4
382 8.4
18 1.5
62 1.5
81 1.5
105 1.5
112 1.5
116 1.5
173 1.5
175 1.5
197 4.3
254 4.3
280 4.3
556 21.9
114 4.7
187 4.7
263 4.7
288 4.7
382 15.5
502 15.5
548 21.0
632 28.3
755 46.4
890 70.5
107 5.1
191 5.1
252 5.1
304 5.1
374 15.6
504 15.6
558 22.1
623 28.3
763 47.7
886 69.9
135 4.5
160 4.5
260 4.5
284 4.5
408 13.0
464 13.0
523 19.2
661 34.7
729 43.0
902 77.4
89 4.3
142 4.3
209 4.3
278 4.3
357 11.5
433 11.5
523 19.2
599 25.1
671 36.4
954 87.2
116 5.0
206 5.0
228 5.0
302 5.0
368 15.8
501 15.8
526 19.5
608 26.6
674 36.2
934 83.2
115 6.9
179 6.9
228 6.9
354 6.9
426 18.5
514 18.5
582 24.3
861 67.3
864 65.1
130 6.4
142 6.4
218 6.4
340 6.4
387 16.2
510 16.2
580 23.7
664 33.9
763 47.7
864 64.9
93 4.8
136 4.8
149 4.8
259 4.8
295 4.8
363 15.5
497 15.5
526 19.5
601 26.4
692 37.3
931 83.0
