20 2.1
25 2.1
62 2.1
67 2.1
87 2.1
87 2.1
107 2.1
111 2.1
112 2.1
161 2.1
175 2.1
175 3.7
187 3.7
201 3.7
227 3.7
255 7.7
303 7.7
775 95.5
19 2.0
23 2.0
61 2.0
66 2.0
81 2.0
104 2.0
107 2.0
112 2.0
116 2.0
171 2.0
175 3.9
175 3.9
193 3.9
205 3.9
232 3.9
280 10.7
314 10.7
345 10.7
382 38.6
555 38.6
555 39.0
22 2.1
24 2.1
58 2.1
65 2.1
81 2.1
100 2.1
104 2.1
107 2.1
146 2.1
173 2.1
175 4.2
177 4.2
197 4.2
206 4.2
240 4.2
256 10.0
316 10.0
338 10.0
365 16.8
407 16.8
430 37.6
556 37.6
18 1.6
57 1.6
62 1.6
68 1.6
70 1.6
100 1.6
105 1.6
107 1.6
130 1.6
149 1.6
174 3.6
175 3.6
186 3.6
197 3.6
224 3.6
254 9.0
284 9.0
320 9.0
753 86.9
20 4.7
25 4.7
62 4.7
67 4.7
87 4.7
87 4.7
107 4.7
111 4.7
112 4.7
161 4.7
175 4.7
175 8.4
187 8.4
201 8.4
227 8.4
255 17.7
303 17.7
775 153.8
19 4.5
23 4.5
61 4.5
66 4.5
81 4.5
104 4.5
107 4.5
112 4.5
116 4.5
171 4.5
175 8.7
175 8.7
193 8.7
205 8.7
232 8.7
280 23.9
314 23.9
345 23.9
555 84.4
555 82.1
555 65.1
22 4.6
24 4.6
58 4.6
65 4.6
81 4.6
100 4.6
104 4.6
107 4.6
146 4.6
173 4.6
175 9.5
177 9.5
197 9.5
206 9.5
240 9.5
256 21.7
316 21.7
338 21.7
365 37.0
407 37.0
430 45.6
556 45.6
18 3.4
57 3.4
62 3.4
68 3.4
70 3.4
100 3.4
105 3.4
107 3.4
130 3.4
149 3.4
174 8.2
175 8.2
186 8.2
197 8.2
224 8.2
254 20.1
284 20.1
320 20.1
753 149.1
22 1.8
25 1.8
58 1.8
66 1.8
81 1.8
100 1.8
105 1.8
107 1.8
130 1.8
161 1.8
175 3.9
175 3.9
197 3.9
206 3.9
232 3.9
256 8.7
316 8.7
775 95.4
18 2.1
57 2.1
62 2.1
68 2.1
70 2.1
104 2.1
107 2.1
112 2.1
112 2.1
173 2.1
175 4.3
177 4.3
187 4.3
201 4.3
240 4.3
255 10.7
314 10.7
345 10.7
382 38.6
555 38.6
555 39.1
20 1.6
24 1.6
62 1.6
67 1.6
87 1.6
87 1.6
104 1.6
107 1.6
146 1.6
149 1.6
174 3.6
175 3.6
186 3.6
197 3.6
224 3.6
280 10.0
303 10.0
338 10.0
365 16.8
407 16.8
430 37.6
556 37.6
19 2.0
23 2.0
61 2.0
65 2.0
81 2.0
100 2.0
107 2.0
111 2.0
116 2.0
171 2.0
175 3.7
175 3.7
193 3.7
205 3.7
227 3.7
254 9.0
284 9.0
320 9.0
753 86.9
22 1.8
25 1.8
58 1.8
66 1.8
81 1.8
100 1.8
105 1.8
107 1.8
130 1.8
161 1.8
175 3.9
175 3.9
197 3.9
206 3.9
232 3.9
256 8.7
316 8.7
775 95.5
18 2.1
57 2.1
62 2.1
68 2.1
70 2.1
104 2.1
107 2.1
112 2.1
112 2.1
173 2.1
175 4.3
177 4.3
187 4.3
201 4.3
240 4.3
255 10.7
314 10.7
345 10.7
382 38.6
555 38.6
555 39.0
20 1.5
24 1.5
62 1.5
67 1.5
87 1.5
87 1.5
104 1.5
107 1.5
146 1.5
149 1.5
174 3.6
175 3.6
186 3.6
197 3.6
224 3.6
280 9.9
303 9.9
338 9.9
365 16.8
407 16.8
430 37.6
556 37.6
19 2.0
23 2.0
61 2.0
65 2.0
81 2.0
100 2.0
107 2.0
111 2.0
116 2.0
171 2.0
175 3.7
175 3.7
193 3.7
205 3.7
227 3.7
254 9.0
284 9.0
320 9.0
753 86.9
22 1.8
25 1.8
58 1.8
66 1.8
81 1.8
100 1.8
105 1.8
107 1.8
130 1.8
161 1.8
175 3.9
175 3.9
197 3.9
206 3.9
232 3.9
256 8.7
316 8.7
775 95.5
18 2.1
57 2.1
62 2.1
68 2.1
70 2.1
104 2.1
107 2.1
112 2.1
112 2.1
173 2.1
175 4.3
177 4.3
187 4.3
201 4.3
240 4.3
255 10.8
314 10.8
345 10.8
382 38.6
555 38.6
555 39.0
20 1.5
24 1.5
62 1.5
67 1.5
87 1.5
87 1.5
104 1.5
107 1.5
146 1.5
149 1.5
174 3.6
175 3.6
186 3.6
197 3.6
224 3.6
280 10.0
303 10.0
338 10.0
365 16.8
407 16.8
430 37.6
556 37.6
19 2.1
23 2.1
61 2.1
65 2.1
81 2.1
100 2.1
107 2.1
111 2.1
116 2.1
171 2.1
175 3.7
175 3.7
193 3.7
205 3.7
227 3.7
254 9.0
284 9.0
320 9.0
753 87.0
93 3.0
115 3.0
135 3.0
142 3.0
160 3.0
206 3.0
218 5.6
259 5.6
263 5.6
288 12.0
340 12.0
363 12.0
382 18.8
426 18.8
464 27.9
502 27.9
514 31.9
526 33.5
558 39.1
599 47.1
623 52.5
661 62.6
671 65.0
729 80.5
755 87.5
861 125.5
886 133.9
931 155.3
934 155.9
89 2.6
114 2.6
130 2.6
142 2.6
179 2.6
191 2.6
228 6.3
252 6.3
278 6.3
295 11.5
304 11.5
357 11.5
374 16.6
408 16.6
497 28.0
504 28.0
523 32.6
526 33.2
580 43.4
601 47.9
632 53.2
664 62.2
674 65.3
692 69.5
763 89.5
864 122.9
890 134.1
902 142.1
954 163.3
107 3.2
116 3.2
136 3.2
149 3.2
187 3.2
209 3.2
228 6.8
260 6.8
284 6.8
302 12.5
354 12.5
368 12.5
387 19.6
433 19.6
501 29.6
510 29.6
523 32.9
548 37.5
582 44.1
608 49.5
107 4.8
115 4.8
142 4.8
187 4.8
206 4.8
252 4.8
263 11.0
295 11.0
354 11.0
374 27.9
497 27.9
504 28.6
526 33.6
558 39.1
601 48.2
664 62.6
674 65.7
755 88.2
864 123.3
954 164.4
93 5.5
130 5.5
136 5.5
191 5.5
209 5.5
259 5.5
288 11.6
304 11.6
357 11.6
382 18.8
426 18.8
501 31.7
514 31.7
526 33.6
582 44.2
623 52.7
671 64.9
861 126.0
890 135.7
902 143.8
89 3.8
135 3.8
149 3.8
160 3.8
228 3.8
228 3.8
278 12.3
340 12.3
368 12.3
408 19.5
433 19.5
510 29.5
523 32.7
548 37.3
599 46.8
661 62.3
692 69.4
763 89.4
886 133.0
931 154.2
114 3.4
116 3.4
142 3.4
179 3.4
218 3.4
260 7.7
284 7.7
302 7.7
363 14.8
387 14.8
464 27.8
502 27.8
523 33.0
580 43.9
608 49.7
632 53.8
729 80.8
763 90.7
864 123.6
934 156.8
93 3.8
135 3.8
149 3.8
160 3.8
228 3.8
228 3.8
278 11.0
295 11.0
354 11.0
374 27.9
497 27.9
504 28.6
526 33.6
558 39.1
601 48.3
664 62.5
674 65.7
755 88.1
864 123.3
954 164.6
89 5.5
130 5.5
136 5.5
191 5.5
209 5.5
259 5.5
288 12.0
302 12.0
363 12.0
382 18.8
426 18.8
501 31.8
514 31.8
526 33.7
582 44.3
623 52.7
671 65.0
861 126.0
890 135.6
902 143.7
107 4.8
115 4.8
142 4.8
187 4.8
206 4.8
252 4.8
263 12.3
340 12.3
368 12.3
408 19.4
433 19.4
510 29.5
523 32.6
548 37.2
599 46.7
661 62.3
692 69.4
763 89.4
886 132.9
931 154.3
114 3.5
116 3.5
142 3.5
179 3.5
218 3.5
260 8.0
284 8.0
304 8.0
357 15.0
387 15.0
464 27.9
502 27.9
523 32.9
580 43.8
608 49.6
632 53.7
729 80.8
763 90.7
864 123.5
934 156.7
93 3.8
135 3.8
149 3.8
160 3.8
228 3.8
228 3.8
278 11.0
295 11.0
354 11.0
374 27.9
497 27.9
504 28.6
526 33.6
558 39.2
601 48.3
664 62.6
674 65.7
755 88.1
864 123.3
954 164.5
89 5.5
130 5.5
136 5.5
191 5.5
209 5.5
259 5.5
288 12.0
302 12.0
363 12.0
382 18.8
426 18.8
501 31.7
514 31.7
526 33.6
582 44.3
623 52.8
671 65.0
861 126.1
890 135.7
902 143.8
107 4.8
115 4.8
142 4.8
187 4.8
206 4.8
252 4.8
263 12.3
340 12.3
368 12.3
408 19.4
433 19.4
510 29.5
523 32.6
548 37.2
599 46.8
661 62.4
692 69.3
763 89.4
886 132.9
931 154.4
114 3.5
116 3.5
142 3.5
179 3.5
218 3.5
260 8.0
284 8.0
304 8.0
357 14.9
387 14.9
464 27.9
502 27.9
523 32.9
580 43.8
608 49.6
632 53.7
729 80.8
763 90.7
864 123.6
934 156.8
23 1.5
57 1.5
66 1.5
68 1.5
100 1.5
105 1.5
107 1.5
116 1.5
130 1.5
173 1.5
175 3.0
186 3.0
197 3.0
206 3.0
254 3.0
256 6.1
314 6.1
338 6.1
382 21.6
555 21.6
555 22.0
19 1.5
24 1.5
25 1.5
62 1.5
81 1.5
87 1.5
104 1.5
107 1.5
112 1.5
149 1.5
175 1.5
175 2.4
175 2.4
201 2.4
227 2.4
255 4.5
284 4.5
775 52.1
18 1.5
20 1.5
61 1.5
62 1.5
67 1.5
81 1.5
100 1.5
107 1.5
111 1.5
161 1.5
174 1.5
175 2.7
177 2.7
197 2.7
224 2.7
240 2.7
303 5.6
320 5.6
753 46.1
22 1.4
58 1.4
65 1.4
70 1.4
87 1.4
104 1.4
107 1.4
112 1.4
146 1.4
171 1.4
175 2.5
187 2.5
193 2.5
205 2.5
232 2.5
280 6.4
316 6.4
345 6.4
365 10.2
407 10.2
430 21.1
556 21.1
